8
1 1 1 0 5
1 2 2 0 3 1 7
1 3 1 1 8
2 0 3 9
1 4 3 0 4 1 3 3 10
1 5 3 0 12 2 14 4 11
3 0 2
4 3 5


1 4 3 0 4 1 3 3 10
1 5 3 0 12 2 14 4 11
3 0 2
4 3 5



4
1 1 1 0 5
1 2 2 0 3 1 7
1 3 1 1 8
1 4 3 0 4 1 3 3 10
1 5 3 0 12 2 14 4 11
1 6 1 2 2


10
1 1 1 0 5
1 2 2 0 3 1 7
1 3 1 1 8
2 0 3 9
1 4 3 0 4 1 3 3 10
1 5 3 0 12 2 14 4 11
4 3 2
3 0 2
4 0 2
4 3 5


****************
***	Original ***
****************

8
1 1 1 0 5
1 2 2 0 3 1 7
1 3 1 1 8
2 0 3 9
1 4 3 0 4 1 3 3 10
1 5 3 0 12 2 14 4 11
3 0 2
4 3 5
