
 Timp 0, tabela rutare ruter 0
0 10000 -1
1 10000 -1
2 10000 -1
3 10000 -1
4 10000 -1
5 10000 -1
6 10000 -1
7 10000 -1
8 10000 -1
9 10000 -1

 Timp 0, tabela rutare ruter 1
0 10000 -1
1 10000 -1
2 10000 -1
3 10000 -1
4 10000 -1
5 10000 -1
6 10000 -1
7 10000 -1
8 10000 -1
9 10000 -1

 Timp 1, tabela rutare ruter 0
0 10000 -1
1 10000 -1
2 10000 -1
3 10000 -1
4 10000 -1
5 10000 -1
6 10000 -1
7 10000 -1
8 10000 -1
9 10000 -1

 Timp 1, tabela rutare ruter 1
0 0005 0
1 10000 -1
2 10000 -1
3 10000 -1
4 10000 -1
5 10000 -1
6 10000 -1
7 10000 -1
8 10000 -1
9 10000 -1

 Timp 1, tabela rutare ruter 2
0 10000 -1
1 10000 -1
2 10000 -1
3 10000 -1
4 10000 -1
5 10000 -1
6 10000 -1
7 10000 -1
8 10000 -1
9 10000 -1

 Timp 2, tabela rutare ruter 1
0 0005 0
1 10000 -1
2 10000 -1
3 10000 -1
4 10000 -1
5 10000 -1
6 10000 -1
7 10000 -1
8 10000 -1
9 10000 -1

 Timp 2, tabela rutare ruter 0
0 10000 -1
1 0005 1
2 10000 -1
3 10000 -1
4 10000 -1
5 10000 -1
6 10000 -1
7 10000 -1
8 10000 -1
9 10000 -1

 Timp 2, tabela rutare ruter 2
0 0003 0
1 0007 1
2 10000 -1
3 10000 -1
4 10000 -1
5 10000 -1
6 10000 -1
7 10000 -1
8 10000 -1
9 10000 -1

 Timp 2, tabela rutare ruter 3
0 10000 -1
1 10000 -1
2 10000 -1
3 10000 -1
4 10000 -1
5 10000 -1
6 10000 -1
7 10000 -1
8 10000 -1
9 10000 -1

 Timp 3, tabela rutare ruter 1
0 0005 0
1 10000 -1
2 0007 2
3 10000 -1
4 10000 -1
5 10000 -1
6 10000 -1
7 10000 -1
8 10000 -1
9 10000 -1

 Timp 3, tabela rutare ruter 3
0 10000 -1
1 0008 1
2 10000 -1
3 10000 -1
4 10000 -1
5 10000 -1
6 10000 -1
7 10000 -1
8 10000 -1
9 10000 -1

 Timp 3, tabela rutare ruter 2
0 0003 0
1 0007 1
2 10000 -1
3 10000 -1
4 10000 -1
5 10000 -1
6 10000 -1
7 10000 -1
8 10000 -1
9 10000 -1

 Timp 3, tabela rutare ruter 0
0 10000 -1
1 0005 1
2 0003 2
3 10000 -1
4 10000 -1
5 10000 -1
6 10000 -1
7 10000 -1
8 10000 -1
9 10000 -1

 Timp 4, tabela rutare ruter 3
0 10000 -1
1 0008 1
2 10000 -1
3 10000 -1
4 10000 -1
5 10000 -1
6 10000 -1
7 10000 -1
8 10000 -1
9 10000 -1

 Timp 4, tabela rutare ruter 1
0 0005 0
1 10000 -1
2 0007 2
3 0008 3
4 10000 -1
5 10000 -1
6 10000 -1
7 10000 -1
8 10000 -1
9 10000 -1

 Timp 4, tabela rutare ruter 0
0 10000 -1
1 0005 1
2 0003 2
3 10000 -1
4 10000 -1
5 10000 -1
6 10000 -1
7 10000 -1
8 10000 -1
9 10000 -1

 Timp 4, tabela rutare ruter 2
0 0003 0
1 0007 1
2 10000 -1
3 10000 -1
4 10000 -1
5 10000 -1
6 10000 -1
7 10000 -1
8 10000 -1
9 10000 -1

 Timp 4, tabela rutare ruter 4
0 10000 -1
1 10000 -1
2 10000 -1
3 10000 -1
4 10000 -1
5 10000 -1
6 10000 -1
7 10000 -1
8 10000 -1
9 10000 -1

 Timp 5, tabela rutare ruter 1
0 0005 0
1 10000 -1
2 0007 2
3 0008 3
4 10000 -1
5 10000 -1
6 10000 -1
7 10000 -1
8 10000 -1
9 10000 -1

 Timp 5, tabela rutare ruter 3
0 0009 0
1 0008 1
2 0012 0
3 10000 -1
4 10000 -1
5 10000 -1
6 10000 -1
7 10000 -1
8 10000 -1
9 10000 -1

 Timp 5, tabela rutare ruter 0
0 10000 -1
1 0005 1
2 0003 2
3 0009 3
4 10000 -1
5 10000 -1
6 10000 -1
7 10000 -1
8 10000 -1
9 10000 -1

 Timp 5, tabela rutare ruter 2
0 0003 0
1 0007 1
2 10000 -1
3 0015 1
4 10000 -1
5 10000 -1
6 10000 -1
7 10000 -1
8 10000 -1
9 10000 -1

 Timp 5, tabela rutare ruter 4
0 0004 0
1 0003 1
2 10000 -1
3 0010 3
4 10000 -1
5 10000 -1
6 10000 -1
7 10000 -1
8 10000 -1
9 10000 -1

 Timp 5, tabela rutare ruter 5
0 10000 -1
1 10000 -1
2 10000 -1
3 10000 -1
4 10000 -1
5 10000 -1
6 10000 -1
7 10000 -1
8 10000 -1
9 10000 -1

 Timp 6, tabela rutare ruter 1
0 0005 0
1 10000 -1
2 0007 2
3 0008 3
4 0003 4
5 10000 -1
6 10000 -1
7 10000 -1
8 10000 -1
9 10000 -1

 Timp 6, tabela rutare ruter 3
0 0009 0
1 0008 1
2 0012 0
3 10000 -1
4 0010 4
5 10000 -1
6 10000 -1
7 10000 -1
8 10000 -1
9 10000 -1

 Timp 6, tabela rutare ruter 5
0 0012 0
1 10000 -1
2 0014 2
3 10000 -1
4 0011 4
5 10000 -1
6 10000 -1
7 10000 -1
8 10000 -1
9 10000 -1

 Timp 6, tabela rutare ruter 4
0 0004 0
1 0003 1
2 10000 -1
3 0010 3
4 10000 -1
5 10000 -1
6 10000 -1
7 10000 -1
8 10000 -1
9 10000 -1

 Timp 6, tabela rutare ruter 0
0 10000 -1
1 0005 1
2 0012 1
3 0009 3
4 0004 4
5 10000 -1
6 10000 -1
7 10000 -1
8 10000 -1
9 10000 -1

 Timp 6, tabela rutare ruter 2
0 0012 1
1 0007 1
2 10000 -1
3 0015 1
4 10000 -1
5 10000 -1
6 10000 -1
7 10000 -1
8 10000 -1
9 10000 -1

 Timp 7, tabela rutare ruter 3
0 0009 0
1 0008 1
2 0012 0
3 10000 -1
4 0010 4
5 10000 -1
6 10000 -1
7 10000 -1
8 10000 -1
9 10000 -1

 Timp 7, tabela rutare ruter 1
0 0005 0
1 10000 -1
2 0007 2
3 0008 3
4 0003 4
5 10000 -1
6 10000 -1
7 10000 -1
8 10000 -1
9 10000 -1

 Timp 7, tabela rutare ruter 4
0 0004 0
1 0003 1
2 0007 0
3 0010 3
4 10000 -1
5 0011 5
6 10000 -1
7 10000 -1
8 10000 -1
9 10000 -1

 Timp 7, tabela rutare ruter 0
0 10000 -1
1 0005 1
2 0012 1
3 0009 3
4 0004 4
5 0012 5
6 10000 -1
7 10000 -1
8 10000 -1
9 10000 -1

 Timp 7, tabela rutare ruter 2
0 0012 1
1 0007 1
2 10000 -1
3 0015 1
4 0010 1
5 0014 5
6 10000 -1
7 10000 -1
8 10000 -1
9 10000 -1

 Timp 7, tabela rutare ruter 5
0 0012 0
1 10000 -1
2 0014 2
3 10000 -1
4 0011 4
5 10000 -1
6 10000 -1
7 10000 -1
8 10000 -1
9 10000 -1

 Timp 8, tabela rutare ruter 1
0 0005 0
1 10000 -1
2 0007 2
3 0008 3
4 0003 4
5 0014 4
6 10000 -1
7 10000 -1
8 10000 -1
9 10000 -1

 Timp 8, tabela rutare ruter 3
0 0009 0
1 0008 1
2 0015 1
3 10000 -1
4 0010 4
5 0021 0
6 10000 -1
7 10000 -1
8 10000 -1
9 10000 -1

 Timp 8, tabela rutare ruter 4
0 0004 0
1 0003 1
2 0010 1
3 0010 3
4 10000 -1
5 0011 5
6 10000 -1
7 10000 -1
8 10000 -1
9 10000 -1

 Timp 8, tabela rutare ruter 0
0 10000 -1
1 0005 1
2 0012 1
3 0009 3
4 0004 4
5 0012 5
6 10000 -1
7 10000 -1
8 10000 -1
9 10000 -1

 Timp 8, tabela rutare ruter 2
0 0012 1
1 0007 1
2 10000 -1
3 0015 1
4 0010 1
5 0014 5
6 10000 -1
7 10000 -1
8 10000 -1
9 10000 -1

 Timp 8, tabela rutare ruter 5
0 0012 0
1 0014 4
2 0014 2
3 0021 0
4 0011 4
5 10000 -1
6 10000 -1
7 10000 -1
8 10000 -1
9 10000 -1

 Timp 9, tabela rutare ruter 3
0 0009 0
1 0008 1
2 0015 1
3 10000 -1
4 0010 4
5 0021 0
6 10000 -1
7 10000 -1
8 10000 -1
9 10000 -1

 Timp 9, tabela rutare ruter 0
0 10000 -1
1 0005 1
2 0012 1
3 0009 3
4 0004 4
5 0012 5
6 10000 -1
7 10000 -1
8 10000 -1
9 10000 -1

 Timp 9, tabela rutare ruter 1
0 0005 0
1 10000 -1
2 0007 2
3 0008 3
4 0003 4
5 0014 4
6 10000 -1
7 10000 -1
8 10000 -1
9 10000 -1

 Timp 9, tabela rutare ruter 5
0 0012 0
1 0014 4
2 0014 2
3 0021 0
4 0011 4
5 10000 -1
6 10000 -1
7 10000 -1
8 10000 -1
9 10000 -1

 Timp 9, tabela rutare ruter 2
0 0012 1
1 0007 1
2 10000 -1
3 0015 1
4 0010 1
5 0014 5
6 10000 -1
7 10000 -1
8 10000 -1
9 10000 -1

 Timp 9, tabela rutare ruter 4
0 0004 0
1 0003 1
2 0010 1
3 0010 3
4 10000 -1
5 0011 5
6 10000 -1
7 10000 -1
8 10000 -1
9 10000 -1
